0,0,0.0
0,1,0.0011058002710342407
0,2,0.000284255133010447
0,3,0.00013640665565617383
0,4,8.29601995064877e-05
0,5,6.411224603652954e-05
0,6,4.713806993095204e-05
0,7,3.572650530259125e-05
0,8,1.8792719856719486e-05
0,9,2.5730889319675043e-05
0,10,0.0012699583312496543
0,11,0.000274435878964141
0,12,0.00012197149771964177
0,13,6.859323184471577e-05
0,14,5.1382448873482645e-05
0,15,4.347333015175536e-05
0,16,3.576761082513258e-05
0,17,3.1157283956417814e-05
0,18,2.0079914975212887e-05
0,19,1.8709477444645017e-05
0,20,0.00022867559164296836
0,21,0.00012197149771964177
0,22,6.80110024404712e-05
0,23,4.170418105786666e-05
0,24,3.319247116451152e-05
0,25,3.202693915227428e-05
0,26,3.339966497151181e-05
0,27,2.6877869458985515e-05
0,28,2.1456355170812458e-05
0,29,1.5416599126183428e-05
0,30,0.0001291890803258866
0,31,6.853028753539547e-05
0,32,4.150276072323322e-05
0,33,2.837376086972654e-05
0,34,2.45507326326333e-05
0,35,1.9721144781215116e-05
0,36,2.245779978693463e-05
0,37,2.1622525309794582e-05
0,38,1.8148681192542426e-05
0,39,1.4737640412931796e-05
0,40,7.96241729403846e-05
0,41,4.399030876811594e-05
0,42,2.8401733288774267e-05
0,43,2.0846027837251313e-05
0,44,1.8769116650219075e-05
0,45,1.5582139894831926e-05
0,46,1.7266798749915324e-05
0,47,1.7815755199990235e-05
0,48,1.3732283150602598e-05
0,49,8.619977961643599e-06
0,50,5.09594647155609e-05
0,51,3.529060631990433e-05
0,52,2.4324646801687777e-05
0,53,1.8387518139206804e-05
0,54,1.4357450709212571e-05
0,55,1.1856133824039716e-05
0,56,1.208108733408153e-05
0,57,1.0892810678342357e-05
0,58,7.307463874894893e-06
0,59,6.49479352432536e-06
0,60,3.245812695240602e-05
0,61,2.1755504349130206e-05
0,62,1.7624322936171666e-05
0,63,1.4913845006958582e-05
0,64,1.1579179954424035e-05
0,65,1.005231388262473e-05
0,66,1.0126991583092604e-05
0,67,7.5309339990781154e-06
0,68,6.22118022874929e-06
0,69,5.626354777632514e-06
0,70,1.7202983144670725e-05
0,71,1.3171033060643822e-05
0,72,1.2277966561669018e-05
0,73,1.1765493582061026e-05
0,74,9.467610652791336e-06
0,75,8.562133189116139e-06
0,76,8.523140422767028e-06
0,77,7.106250450306106e-06
0,78,6.06500543653965e-06
0,79,4.964708750776481e-06
0,80,1.3171033060643822e-05
0,81,1.0406743058410939e-05
0,82,8.492405868310016e-06
0,83,6.966497039684327e-06
0,84,7.228070444398327e-06
0,85,8.186446393665392e-06
0,86,7.171763627411565e-06
0,87,5.560334102483466e-06
0,88,4.17692490373156e-06
0,89,3.249566361773759e-06
0,90,1.0406743058410939e-05
0,91,8.429460649495013e-06
0,92,6.966497039684327e-06
0,93,5.853792572452221e-06
0,94,5.367745870898943e-06
0,95,5.88462262385292e-06
0,96,5.0735670811263844e-06
0,97,3.6300989449955523e-06
0,98,2.7913160920434166e-06
0,99,2.4897851744754007e-06
1,0,0.0011058002710342407
1,1,0.0
1,2,0.0008530172635801136
1,3,0.00023591413628309965
1,4,0.00011592887312872335
1,5,8.242517651524395e-05
1,6,5.6518685596529394e-05
1,7,4.0738759707892314e-05
1,8,1.8749606169876643e-05
1,9,2.8128104531788267e-05
1,10,0.00024648875114507973
1,11,0.0008137401309795678
1,12,0.00020343503274489194
1,13,9.038759162649512e-05
1,14,6.253486935747787e-05
1,15,5.124146264279261e-05
1,16,4.0794711821945384e-05
1,17,3.4899239835795015e-05
1,18,2.0976091036573052e-05
1,19,1.9591905584093183e-05
1,20,7.007765816524625e-05
1,21,0.00020343503274489194
1,22,8.935251389630139e-05
1,23,4.7412577259819955e-05
1,24,3.643702802946791e-05
1,25,3.57032404281199e-05
1,26,3.7828060158062726e-05
1,27,2.9579749025288038e-05
1,28,2.2983109374763444e-05
1,29,1.5814051948837005e-05
1,30,5.4918644309509546e-05
1,31,9.02756946743466e-05
1,32,4.7097852075239643e-05
1,33,2.9498080039047636e-05
1,34,2.552729165472556e-05
1,35,1.9962242731708102e-05
1,36,2.3985601728782058e-05
1,37,2.3188260456663556e-05
1,38,1.9119872376904823e-05
1,39,1.5191873899311759e-05
1,40,3.9599337469553575e-05
1,41,5.098464316688478e-05
1,42,2.9538365197367966e-05
1,43,2.048477836069651e-05
1,44,1.8718777937465347e-05
1,45,1.5283590983017348e-05
1,46,1.7810823919717222e-05
1,47,1.871702988864854e-05
1,48,1.3995418157719541e-05
1,49,8.144254934450146e-06
1,50,2.7499538191477768e-05
1,51,3.945834032492712e-05
1,52,2.5219565941370092e-05
1,53,1.822036392695736e-05
1,54,1.3733595551457256e-05
1,55,1.1130987331853248e-05
1,56,1.1778082807722967e-05
1,57,1.0616208783176262e-05
1,58,6.603875590371899e-06
1,59,5.851930836797692e-06
1,60,1.8050801372737624e-05
1,61,2.1722677047364414e-05
1,62,1.722353590594139e-05
1,63,1.4437781828746665e-05
1,64,1.0789069165184628e-05
1,65,9.323266567662358e-06
1,66,9.704821422928944e-06
1,67,6.866141575301299e-06
1,68,5.534603587875608e-06
1,69,5.009829237678787e-06
1,70,8.733481081435457e-06
1,71,1.1406995326979086e-05
1,72,1.1101748896180652e-05
1,73,1.1019086741725914e-05
1,74,8.615776096121408e-06
1,75,7.842511877242941e-06
1,76,8.030606295506004e-06
1,77,6.561074314959114e-06
1,78,5.513381438504439e-06
1,79,4.386497948871693e-06
1,80,6.900528205733281e-06
1,81,8.733481081435457e-06
1,82,6.978236797294812e-06
1,83,5.58942747375113e-06
1,84,6.254865184018854e-06
1,85,7.63545813242672e-06
1,86,6.637054411839927e-06
1,87,4.934039225190645e-06
1,88,3.4901752314908663e-06
1,89,2.559067297625006e-06
1,90,5.58942747375113e-06
1,91,6.900528205733281e-06
1,92,5.58942747375113e-06
1,93,4.619361789082177e-06
1,94,4.3274003473925404e-06
1,95,5.144275746715721e-06
1,96,4.375250682642218e-06
1,97,2.8680085506493924e-06
1,98,2.0417462565092137e-06
1,99,1.8086055888488772e-06
2,0,0.000284255133010447
2,1,0.0008530172635801136
2,2,0.0
2,3,0.0009748768643476069
2,4,0.0002686450316105038
2,5,0.0001500025682616979
2,6,9.026171028381214e-05
2,7,5.9912628785241395e-05
2,8,2.6387528123450466e-05
2,9,3.73758957721293e-05
2,10,0.00011301945778541267
2,11,0.00021124008344486356
2,12,0.0008449603337794542
2,13,0.00021117714641150087
2,14,0.00011464202543720603
2,15,8.201603486668319e-05
2,16,5.999319182592444e-05
2,17,4.83689691463951e-05
2,18,2.803449024213478e-05
2,19,2.528382174205035e-05
2,20,4.1369949030922726e-05
2,21,9.38844823394902e-05
2,22,0.00020884821424260736
2,23,8.775793685344979e-05
2,24,5.888411760679446e-05
2,25,5.266147491056472e-05
2,26,5.235542994341813e-05
2,27,3.927192301489413e-05
2,28,2.9575814551208168e-05
2,29,1.990895725612063e-05
2,30,3.639674105215818e-05
2,31,5.273134229355492e-05
2,32,8.719843026483431e-05
2,33,4.804201307706535e-05
2,34,3.800811100518331e-05
2,35,2.8038059099344537e-05
2,36,3.196527904947288e-05
2,37,2.983546073664911e-05
2,38,2.3990216504898854e-05
2,39,1.869437073764857e-05
2,40,2.8366766855469905e-05
2,41,3.387898323126137e-05
2,42,4.810495738638565e-05
2,43,3.0746887205168605e-05
2,44,2.6345564037910663e-05
2,45,2.059939106402453e-05
2,46,2.3029639123706147e-05
2,47,2.3492879336117767e-05
2,48,1.724665708024986e-05
2,49,9.950354979082476e-06
2,50,2.0840887373196892e-05
2,51,2.826885429385584e-05
2,52,3.7564983358606696e-05
2,53,2.566716830187943e-05
2,54,1.857490678958129e-05
2,55,1.4575472050637472e-05
2,56,1.4926276890037116e-05
2,57,1.3157814464648254e-05
2,58,8.117175639199559e-06
2,59,7.084698154358193e-06
2,60,1.4307960555015597e-05
2,61,1.6596664863754995e-05
2,62,2.4310375010827556e-05
2,63,1.9494658772600815e-05
2,64,1.4142731743049808e-05
2,65,1.1895639545400627e-05
2,66,1.2055036677338649e-05
2,67,8.42929512145929e-06
2,68,6.712279173370916e-06
2,69,5.994951152388239e-06
2,70,7.28596296539763e-06
2,71,9.221296750183683e-06
2,72,1.5137392438191455e-05
2,73,1.4433848264161497e-05
2,74,1.1022194485121872e-05
2,75,9.80164077191148e-06
2,76,9.815104021981824e-06
2,77,7.916957656561863e-06
2,78,6.578952252311865e-06
2,79,5.194807272346225e-06
2,80,5.9016301747760735e-06
2,81,7.28596296539763e-06
2,82,9.319646778749302e-06
2,83,7.28596296539763e-06
2,84,7.880589691922069e-06
2,85,9.344844329461921e-06
2,86,8.00612906459719e-06
2,87,5.9070534916827455e-06
2,88,4.1658654481580015e-06
2,89,3.0504063488479005e-06
2,90,4.877379979006946e-06
2,91,5.9016301747760735e-06
2,92,7.28596296539763e-06
2,93,5.9016301747760735e-06
2,94,5.4079828260000795e-06
2,95,6.2541867009713314e-06
2,96,5.25899031345034e-06
2,97,3.4516440337029053e-06
2,98,2.4618102543172427e-06
2,99,2.1637001736962702e-06
3,0,0.00013640665565617383
3,1,0.00023591413628309965
3,2,0.0009748768643476069
3,3,0.0
3,4,0.001165219466201961
3,5,0.0003601656062528491
3,6,0.00017053629562724382
3,7,9.927844075718895e-05
3,8,4.1623610741226e-05
3,9,5.339050403563306e-05
3,10,6.923840555828065e-05
3,11,0.00010395552817499265
3,12,0.00023389993293676525
3,13,0.0009353479836136103
3,14,0.0002806043776217848
3,15,0.00015587735106237233
3,16,9.940431482391432e-05
3,17,7.32768967282027e-05
3,18,4.067581539857201e-05
3,19,3.4873548429459333e-05
3,20,3.0102341042947955e-05
3,21,5.847498323419131e-05
3,22,0.00010289246711181477
3,23,0.0002201151946792379
3,24,0.00011475392238935456
3,25,8.794850873528048e-05
3,26,7.901738717919216e-05
3,27,5.597121344180778e-05
3,28,4.047941911267117e-05
3,29,2.661351209098939e-05
3,30,2.779327769530937e-05
3,31,3.7373632949311286e-05
3,32,5.4714084399165586e-05
3,33,9.547907393425703e-05
3,34,6.505263445433229e-05
3,35,4.400037869345397e-05
3,36,4.602605622494593e-05
3,37,4.081854785908945e-05
3,38,3.177885810146108e-05
3,39,2.4198474420700222e-05
3,40,2.2690674086334184e-05
3,41,2.6044830519822426e-05
3,42,3.441274748183787e-05
3,43,5.370697545004077e-05
3,44,4.1563187551219016e-05
3,45,3.055582055822015e-05
3,46,3.192931035300717e-05
3,47,3.1149415008258075e-05
3,48,2.241117545054294e-05
3,49,1.2946325114171486e-05
3,50,1.7372545698890463e-05
3,51,2.2618736693402752e-05
3,52,2.8604552426259033e-05
3,53,4.058629565406591e-05
3,54,2.78002698905766e-05
3,55,2.0887133359792642e-05
3,56,2.030731047852896e-05
3,57,1.7363221559207886e-05
3,58,1.0728177585406229e-05
3,59,9.180462257063482e-06
3,60,1.2424059605109505e-05
3,61,1.4123062101134565e-05
3,62,1.97104654944269e-05
3,63,2.9052156605757773e-05
3,64,2.0321922420407645e-05
3,65,1.6471658454975113e-05
3,66,1.6001766198314726e-05
3,67,1.1105839803349227e-05
3,68,8.737251846469007e-06
3,69,7.665181328775361e-06
3,70,6.808024409110658e-06
3,71,8.404967957176268e-06
3,72,1.3005806067667436e-05
3,73,2.0702154870377854e-05
3,74,1.5366205843747593e-05
3,75,1.3219794709584676e-05
3,76,1.2782668818545062e-05
3,77,1.0170920177188236e-05
3,78,8.35057107906323e-06
3,79,6.561074314959114e-06
3,80,5.62646573598613e-06
3,81,6.808024409110658e-06
3,82,8.482676093990449e-06
3,83,1.0637537343427539e-05
3,84,1.0848128113138955e-05
3,85,1.2213655281811953e-05
3,86,1.0277040018991102e-05
3,87,7.5620232564688195e-06
3,88,5.367745870898943e-06
3,89,3.96418772652396e-06
3,90,4.7277940211643e-06
3,91,5.62646573598613e-06
3,92,6.808024409110658e-06
3,93,8.404967957176268e-06
3,94,7.450052635249449e-06
3,95,8.192084351321682e-06
3,96,6.801450126658892e-06
3,97,4.5394176595436875e-06
3,98,3.2885029668250354e-06
3,99,2.864651833078824e-06
4,0,8.29601995064877e-05
4,1,0.00011592887312872335
4,2,0.0002686450316105038
4,3,0.001165219466201961
4,4,0.0
4,5,0.0015403657453134656
4,6,0.00040863247704692185
4,7,0.0001875731541076675
4,8,7.126835407689214e-05
4,9,8.087046444416046e-05
4,10,4.830071338801645e-05
4,11,6.470643711509183e-05
4,12,0.0001150336756836623
4,13,0.00025876282597891986
4,14,0.0012221208307892084
4,15,0.00037564983358606696
4,16,0.00018779693346004933
4,17,0.00012072661047568545
4,18,6.256131018744782e-05
4,19,5.023630728828721e-05
4,20,2.3673939722357318e-05
4,21,4.141212048125453e-05
4,22,6.410846981452778e-05
4,23,0.00010890710836974904
4,24,0.00028312214999459684
4,25,0.00016743104788474739
4,26,0.00012969612726010382
4,27,8.458667434751987e-05
4,28,5.786652400274761e-05
4,29,3.6795267078559846e-05
4,30,2.2454310965258628e-05
4,31,2.8723448849632405e-05
4,32,3.900514275301248e-05
4,33,5.99384329689201e-05
4,34,0.00012672726006712765
4,35,7.498205377487466e-05
4,36,7.026565435808152e-05
4,37,5.832811802974902e-05
4,38,4.354183693067171e-05
4,39,3.2184059818973765e-05
4,40,1.8930410078610294e-05
4,41,2.1169740648474544e-05
4,42,2.6667277779779397e-05
4,43,3.8360594771802425e-05
4,44,7.117393397493288e-05
4,45,4.798850932274945e-05
4,46,4.622888081939891e-05
4,47,4.27197155659087e-05
4,48,2.9922008252469823e-05
4,49,1.721402077237144e-05
4,50,1.4957360690459609e-05
4,51,1.8875334717449732e-05
4,52,2.3050351956044324e-05
4,53,3.0954462999943644e-05
4,54,4.4020522182108834e-05
4,55,3.119924804195762e-05
4,56,2.8558595658978447e-05
4,57,2.3533193598268554e-05
4,58,1.4475566786131822e-05
4,59,1.210539267049171e-05
4,60,1.1060521501349285e-05
4,61,1.2389868061291054e-05
4,62,1.664868977968581e-05
4,63,2.3379203412332572e-05
4,64,3.0429931939579546e-05
4,65,2.3548767785541713e-05
4,66,2.181009949708823e-05
4,67,1.4941819244995713e-05
4,68,1.1569108210096601e-05
4,69,9.946194040821865e-06
4,70,6.450460205087438e-06
4,71,7.805057066434529e-06
4,72,1.150709704234032e-05
4,73,1.7407952327630483e-05
4,74,2.210490856668912e-05
4,75,1.8289167201146483e-05
4,76,1.701197834336199e-05
4,77,1.3303846571943723e-05
4,78,1.0761865269159898e-05
4,79,8.39253425510833e-06
4,80,5.420178695203504e-06
4,81,6.450460205087438e-06
4,82,7.868000466260128e-06
4,83,9.635872629587539e-06
4,84,1.5287525457097217e-05
4,85,1.6309491911670193e-05
4,86,1.3432250852929428e-05
4,87,9.823426807997748e-06
4,88,6.9920301939419005e-06
4,89,5.187480383028742e-06
4,90,4.618376806320157e-06
4,91,5.420178695203504e-06
4,92,6.450460205087438e-06
4,93,7.805057066434529e-06
4,94,1.0428500900161453e-05
4,95,1.0909455340879504e-05
4,96,8.918281309888698e-06
4,97,6.019894954079064e-06
4,98,4.4038456508133095e-06
4,99,3.7971938127157046e-06
5,0,6.411224603652954e-05
5,1,8.242517651524395e-05
5,2,0.0001500025682616979
5,3,0.0003601656062528491
5,4,0.0015403657453134656
5,5,0.0
5,6,0.0019099730998277664
5,7,0.0004909003037028015
5,8,0.0001573040644871071
5,9,0.00014357529289554805
5,10,4.119335790164769e-05
5,11,5.242983752395958e-05
5,12,8.192162931663916e-05
5,13,0.00014561048010364175
5,14,0.00037439094739966094
5,15,0.001778042409569025
5,16,0.0004914039163850248
5,17,0.00024522983585484326
5,18,0.00011496723891468719
5,19,8.335800521308556e-05
5,20,2.301438507856801e-05
5,21,3.640961222117767e-05
5,22,5.204713670536876e-05
5,23,7.847544475225732e-05
5,24,0.00015643684309907258
5,25,0.00044558063382282853
5,26,0.00026117567904293537
5,27,0.00014938187086954713
5,28,9.434552339371294e-05
5,29,5.773363955086097e-05
5,30,2.1495377950486727e-05
5,31,2.6724228519015014e-05
5,32,3.4738099202513695e-05
5,33,4.937831545248628e-05
5,34,8.849927689880133e-05
5,35,0.000163906195666641
5,36,0.0001270052744075656
5,37,9.501020394964144e-05
5,38,6.691647286061198e-05
5,39,4.7657606046414e-05
5,40,1.835789043980185e-05
5,41,2.051187948381994e-05
5,42,2.5213570552296005e-05
5,43,3.429049684200436e-05
5,44,5.656904249917716e-05
5,45,9.219723870046437e-05
5,46,7.75872977101244e-05
5,47,6.579746695933864e-05
5,48,4.47030906798318e-05
5,49,2.609028888400644e-05
5,50,1.4869891856506001e-05
5,51,1.8314374756300822e-05
5,52,2.1951722374069504e-05
5,53,2.8363341698423028e-05
5,54,3.822100188699551e-05
5,55,5.5944634368643165e-05
5,56,4.65226148662623e-05
5,57,3.635851317085326e-05
5,58,2.262443922518287e-05
5,59,1.8345459466218017e-05
5,60,1.1417315363360103e-05
5,61,1.2790223081537988e-05
5,62,1.6555051843170077e-05
5,63,2.2203497792361304e-05
5,64,2.79779687843984e-05
5,65,3.970368197769858e-05
5,66,3.4107946703443304e-05
5,67,2.321453757758718e-05
5,68,1.768338006513659e-05
5,69,1.4789324268349446e-05
5,70,7.332977475016378e-06
5,71,8.726848136575427e-06
5,72,1.2075178347004112e-05
5,73,1.7154961824417114e-05
5,74,2.1227866454864852e-05
5,75,2.9509179512388073e-05
5,76,2.583458262961358e-05
5,77,1.9825030904030427e-05
5,78,1.577628790982999e-05
5,79,1.2264197721378878e-05
5,80,6.248217232496245e-06
5,81,7.332977475016378e-06
5,82,8.778868505032733e-06
5,83,1.0559487236605491e-05
5,84,1.5479561625397764e-05
5,85,2.4945496988948435e-05
5,86,1.998355583054945e-05
5,87,1.4640776498708874e-05
5,88,1.0597482287266757e-05
5,89,8.000883099157363e-06
5,90,5.387493274611188e-06
5,91,6.248217232496245e-06
5,92,7.332977475016378e-06
5,93,8.726848136575427e-06
5,94,1.1201515007996932e-05
5,95,1.686899304331746e-05
5,96,1.3545550245908089e-05
5,97,9.440560461371206e-06
5,98,7.0812006924825255e-06
5,99,6.033686076989397e-06
6,0,4.713806993095204e-05
6,1,5.6518685596529394e-05
6,2,9.026171028381214e-05
6,3,0.00017053629562724382
6,4,0.00040863247704692185
6,5,0.0019099730998277664
6,6,0.0
6,7,0.0020577656105160713
6,8,0.00037747525493614376
6,9,0.0002657076402101666
6,10,3.2186224416363984e-05
6,11,3.9025286241667345e-05
6,12,5.619640796794556e-05
6,13,8.779115159995854e-05
6,14,0.0001768586807884276
6,15,0.0004680516431108117
6,16,0.002059779828414321
6,17,0.0005753082223236561
6,18,0.00021484890021383762
6,19,0.0001361321483273059
6,20,1.9091705325990915e-05
6,21,2.8671638574451208e-05
6,22,3.8759520975872874e-05
6,23,5.399085421231575e-05
6,24,9.388098260387778e-05
6,25,0.0002084985317196697
6,26,0.00061118631856516
6,27,0.000276030448731035
6,28,0.00015330013411585242
6,29,8.690301910974085e-05
6,30,1.814652387110982e-05
6,31,2.193205182265956e-05
6,32,2.7443589715403505e-05
6,33,3.6906170862494037e-05
6,34,6.040610605850816e-05
6,35,9.808250615606084e-05
6,36,0.00023624984896741807
6,37,0.00015433871885761619
6,38,0.00010012629354605451
6,39,6.748297164449468e-05
6,40,1.5811534467502497e-05
6,41,1.7369437045999803e-05
6,42,2.0775456505361944e-05
6,43,2.711473462113645e-05
6,44,4.189972605672665e-05
6,45,6.277280044741929e-05
6,46,0.00012711543240584433
6,47,9.8514930868987e-05
6,48,6.34615498711355e-05
6,49,3.5998833482153714e-05
6,50,1.3067385225440376e-05
6,51,1.577628790982999e-05
6,52,1.8507093045627698e-05
6,53,2.3186998078017496e-05
6,54,3.0002453058841638e-05
6,55,4.146611172473058e-05
6,56,7.07591389073059e-05
6,57,5.210364906815812e-05
6,58,3.147200186504051e-05
6,59,2.468978527758736e-05
6,60,1.024763423629338e-05
6,61,1.1348649422870949e-05
6,62,1.4351234312925953e-05
6,63,1.870602682174649e-05
6,64,2.289194890181534e-05
6,65,3.10917675960809e-05
6,66,4.904037632513791e-05
6,67,3.224274769308977e-05
6,68,2.385184598097112e-05
6,69,1.9420946046011522e-05
6,70,6.805401426390745e-06
6,71,7.986895070644096e-06
6,72,1.0757703421404585e-05
6,73,1.4837160961178597e-05
6,74,1.7935157302417792e-05
6,75,2.4064282115432434e-05
6,76,3.566484519978985e-05
6,77,2.65623730228981e-05
6,78,2.0639417925849557e-05
6,79,1.57813210535096e-05
6,80,5.867922936886316e-06
6,81,6.805401426390745e-06
6,82,8.030606295506004e-06
6,83,9.505065463599749e-06
6,84,1.3480089364747982e-05
6,85,2.08725432457868e-05
6,86,2.6763005735119805e-05
6,87,1.9237553715356626e-05
6,88,1.3764595678367186e-05
6,89,1.0299928362655919e-05
6,90,5.111612608743599e-06
6,91,5.867922936886316e-06
6,92,6.805401426390745e-06
6,93,7.986895070644096e-06
6,94,1.003566740109818e-05
6,95,1.460552721255226e-05
6,96,1.7885424313135445e-05
6,97,1.2364720532787032e-05
6,98,9.205430615111254e-06
6,99,7.735119652352296e-06
7,0,3.572650530259125e-05
7,1,4.0738759707892314e-05
7,2,5.9912628785241395e-05
7,3,9.927844075718895e-05
7,4,0.0001875731541076675
7,5,0.0004909003037028015
7,6,0.0020577656105160713
7,7,0.0
7,8,0.0015635291347280145
7,9,0.0006112492410466075
7,10,2.5480519980192184e-05
7,11,2.9766091756755486e-05
7,12,4.0514958527637646e-05
7,13,5.833146860823035e-05
7,14,0.0001028347760438919
7,15,0.00021398166427388787
7,16,0.0005283519858494401
7,17,0.0023548612371087074
7,18,0.0004968170542269945
7,19,0.0002479714166838676
7,20,1.5746880308142863e-05
7,21,2.278966348967515e-05
7,22,2.9570837796200067e-05
7,23,3.898332215612754e-05
7,24,6.222896627150476e-05
7,25,0.00012063219037372619
7,26,0.0002775970788206905
7,27,0.0006344756111502647
7,28,0.0002784922835417092
7,29,0.00013913773000240326
7,30,1.5234966667776462e-05
7,31,1.7991105778492056e-05
7,32,2.1849438780918717e-05
7,33,2.8209191441419534e-05
7,34,4.34383618994616e-05
7,35,6.49179273750633e-05
7,36,0.00013624230632558465
7,37,0.00028033863054588437
7,38,0.00015979910676833242
7,39,9.932060493156314e-05
7,40,1.3510593817045446e-05
7,41,1.460552721255226e-05
7,42,1.7077252778108232e-05
7,43,2.1597663362626918e-05
7,44,3.1877927540335804e-05
7,45,4.508189522312023e-05
7,46,8.349899871973321e-05
7,47,0.0001572813343955204
7,48,9.352976485388353e-05
7,49,5.048808816354722e-05
7,50,1.135265119955875e-05
7,51,1.3481461792252958e-05
7,52,1.5527028153883293e-05
7,53,1.8982669644174166e-05
7,54,2.3808568585081957e-05
7,55,3.15593570121564e-05
7,56,5.062796481070109e-05
7,57,7.71743871155195e-05
7,58,4.4326567149255425e-05
7,59,3.334234133944847e-05
7,60,9.049039363162592e-06
7,61,9.90843545878306e-06
7,62,1.2303732546570245e-05
7,63,1.5688165149185807e-05
7,64,1.874954250524752e-05
7,65,2.4642577045597136e-05
7,66,3.71241221728269e-05
7,67,4.5375636545941234e-05
7,68,3.224788815714419e-05
7,69,2.5417575670871884e-05
7,70,6.1415371419570874e-06
7,71,7.12272958480753e-06
7,72,9.411877726961393e-06
7,73,1.2705325389106292e-05
7,74,1.506376065663062e-05
7,75,1.9675830117193982e-05
7,76,2.8143840609118342e-05
7,77,3.578816540539265e-05
7,78,2.6959705792251043e-05
7,79,2.0145191228948534e-05
7,80,5.349961156753125e-06
7,81,6.1415371419570874e-06
7,82,7.159974757087184e-06
7,83,8.359314051631372e-06
7,84,1.1583778359636199e-05
7,85,1.744304427120369e-05
7,86,2.180815499741584e-05
7,87,2.518547080399003e-05
7,88,1.7655405827099457e-05
7,89,1.2999196769669652e-05
7,90,4.702114438259741e-06
7,91,5.349961156753125e-06
7,92,6.1415371419570874e-06
7,93,7.12272958480753e-06
7,94,8.805167453829199e-06
7,95,1.2513893125287723e-05
7,96,1.502347549831029e-05
7,97,1.5927165804896504e-05
7,98,1.1674854249577038e-05
7,99,9.648640116211027e-06
8,0,1.8792719856719486e-05
8,1,1.8749606169876643e-05
8,2,2.6387528123450466e-05
8,3,4.1623610741226e-05
8,4,7.126835407689214e-05
8,5,0.0001573040644871071
8,6,0.00037747525493614376
8,7,0.0015635291347280145
8,8,0.0
8,9,0.0018971323734149337
8,10,1.3368996405915823e-05
8,11,1.422927925887052e-05
8,12,1.8585182260721922e-05
8,13,2.5289502445957623e-05
8,14,4.389966852613725e-05
8,15,8.612313831690699e-05
8,16,0.0001739492581691593
8,17,0.0004517491324804723
8,18,0.00143940350972116
8,19,0.00042096953256987035
8,20,7.276327323779697e-06
8,21,1.1242887921980582e-05
8,22,1.4079787433729507e-05
8,23,1.745989720802754e-05
8,24,2.7996095013804734e-05
8,25,5.529001646209508e-05
8,26,0.00012190680718049407
8,27,0.00022111530415713787
8,28,0.0004896414466202259
8,29,0.00018648210971150547
8,30,8.063075256359298e-06
8,31,9.094149390875828e-06
8,32,1.0499993550183717e-05
8,33,1.3037278222327586e-05
8,34,2.0732984921778552e-05
8,35,2.9863434974686243e-05
8,36,6.528049561893567e-05
8,37,0.00012344893184490502
8,38,0.00022321345750242472
8,39,0.0001209469119203277
8,40,7.548035682702903e-06
8,41,7.542877028754447e-06
8,42,8.353928933502175e-06
8,43,1.0301059774064925e-05
8,44,1.5846155292820185e-05
8,45,2.1940482838544995e-05
8,46,4.2766954720718786e-05
8,47,7.874547736719251e-05
8,48,0.00011189871293026954
8,49,5.078826143289916e-05
8,50,6.431462225009454e-06
8,51,7.523557542299386e-06
8,52,8.304447874252219e-06
8,53,9.897315067064483e-06
8,54,1.2047949894622434e-05
8,55,1.5602245184709318e-05
8,56,2.6015144612756558e-05
8,57,3.837486292468384e-05
8,58,4.191567495581694e-05
8,59,3.0164166673785076e-05
8,60,5.007259915146278e-06
8,61,5.200888608669629e-06
8,62,6.5339381762896664e-06
8,63,8.437618816969916e-06
8,64,9.708483958092984e-06
8,65,1.27069197333185e-05
8,66,1.9862769477185793e-05
8,67,2.2156291379360482e-05
8,68,2.8674490749835968e-05
8,69,2.201755705755204e-05
8,70,2.915006916737184e-06
8,71,3.3463088584539946e-06
8,72,4.777785306941951e-06
8,73,6.871387540741125e-06
8,74,7.921581527625676e-06
8,75,1.045877615979407e-05
8,76,1.547334795759525e-05
8,77,1.8839928088709712e-05
8,78,2.4031764041865245e-05
8,79,1.693587182671763e-05
8,80,2.562017925811233e-06
8,81,2.915006916737184e-06
8,82,3.3784231163735967e-06
8,83,3.880926669808105e-06
8,84,5.92897595197428e-06
8,85,9.88793090073159e-06
8,86,1.2185960258648265e-05
8,87,1.3135871085978579e-05
8,88,1.3784738257527351e-05
8,89,9.28462941374164e-06
8,90,2.269468950544251e-06
8,91,2.562017925811233e-06
8,92,2.915006916737184e-06
8,93,3.3463088584539946e-06
8,94,4.260824880475411e-06
8,95,6.710530215059407e-06
8,96,7.888289474067278e-06
8,97,7.4223576120857615e-06
8,98,7.649639883311465e-06
8,99,6.196208687470062e-06
9,0,2.5730889319675043e-05
9,1,2.8128104531788267e-05
9,2,3.73758957721293e-05
9,3,5.339050403563306e-05
9,4,8.087046444416046e-05
9,5,0.00014357529289554805
9,6,0.0002657076402101666
9,7,0.0006112492410466075
9,8,0.0018971323734149337
9,9,0.0
9,10,1.964356670214329e-05
9,11,2.2125206669443287e-05
9,12,2.8002215913147666e-05
9,13,3.656918488559313e-05
9,14,5.4971100325929e-05
9,15,9.037752170115709e-05
9,16,0.00015293819888029248
9,17,0.00029871828155592084
9,18,0.0005802178638987243
9,19,0.002565345959737897
9,20,1.329835140495561e-05
9,21,1.792141847545281e-05
9,22,2.2007088773534633e-05
9,23,2.7140669772052206e-05
9,24,3.8557700463570654e-05
9,25,6.288105942076072e-05
9,26,0.00011327907850500196
9,27,0.0001794690906535834
9,28,0.00031555930036120117
9,29,0.0006399517296813428
9,30,1.2896527550765313e-05
9,31,1.4800685676163994e-05
9,32,1.7319673133897595e-05
9,33,2.118337943102233e-05
9,34,2.9646625989698805e-05
9,35,3.9929625927470624e-05
9,36,6.981888873269781e-05
9,37,0.00011426602577557787
9,38,0.00018064930918626487
9,39,0.00031295762164518237
9,40,1.1647248356894124e-05
9,41,1.245941712113563e-05
9,42,1.4188932254910469e-05
9,43,1.7158536138595082e-05
9,44,2.340273749723565e-05
9,45,3.057111825910397e-05
9,46,4.940976214129478e-05
9,47,7.916957110865042e-05
9,48,0.00010687388567021117
9,49,0.00013444838987197727
9,50,1.0042781468655448e-05
9,51,1.1626390914898366e-05
9,52,1.3099347597744782e-05
9,53,1.5464458556380123e-05
9,54,1.8573518900666386e-05
9,55,2.3210019207908772e-05
9,56,3.36907796736341e-05
9,57,4.6182914957171306e-05
9,58,5.359332499210723e-05
9,59,7.869511318858713e-05
9,60,8.279514986497816e-06
9,61,8.98172402230557e-06
9,62,1.078316563507542e-05
9,63,1.3211247278377414e-05
9,64,1.530840017949231e-05
9,65,1.9107283151242882e-05
9,66,2.6576359232421964e-05
9,67,3.073634434258565e-05
9,68,3.905611447407864e-05
9,69,5.445355418487452e-05
9,70,6.005251634633169e-06
9,71,6.832642156950897e-06
9,72,8.61690568854101e-06
9,73,1.107069692807272e-05
9,74,1.2777634765370749e-05
9,75,1.5928475477267057e-05
9,76,2.134808892151341e-05
9,77,2.576818769739475e-05
9,78,3.217225457774475e-05
9,79,4.010946213384159e-05
9,80,5.319530828273855e-06
9,81,6.005251634633169e-06
9,82,6.86061730448273e-06
9,83,7.843594175938051e-06
9,84,1.0267694960930385e-05
9,85,1.4429912880586926e-05
9,86,1.735589830786921e-05
9,87,1.9454733774182387e-05
9,88,2.1773965272586793e-05
9,89,2.552379373810254e-05
9,90,4.7448902478208765e-06
9,91,5.319530828273855e-06
9,92,6.005251634633169e-06
9,93,6.832642156950897e-06
9,94,8.171159606717993e-06
9,95,1.0933634257526137e-05
9,96,1.2749658708344214e-05
9,97,1.3419037713902071e-05
9,98,1.5010887182143051e-05
9,99,1.8531960449763574e-05
10,0,0.0012699583312496543
10,1,0.00024648875114507973
10,2,0.00011301945778541267
10,3,6.923840555828065e-05
10,4,4.830071338801645e-05
10,5,4.119335790164769e-05
10,6,3.2186224416363984e-05
10,7,2.5480519980192184e-05
10,8,1.3368996405915823e-05
10,9,1.964356670214329e-05
10,10,0.0
10,11,0.0009778981329873204
10,12,0.0002444745332468301
10,13,0.00010862736962735653
10,14,7.279474812094122e-05
10,15,5.7807774282991886e-05
10,16,4.535465268418193e-05
10,17,3.8249403587542474e-05
10,18,2.354106072743889e-05
10,19,2.1618547179969028e-05
10,20,0.0007948569837026298
10,21,0.0002444745332468301
10,22,0.0001075922918971628
10,23,5.767244874732569e-05
10,24,4.30033469456248e-05
10,25,4.026318492833525e-05
10,26,4.117822754778899e-05
10,27,3.2144718716153875e-05
10,28,2.5009752789628692e-05
10,29,1.7455631677876227e-05
10,30,0.0002607140631880611
10,31,0.000108515472675208
10,32,5.735772356274538e-05
10,33,3.606439713621512e-05
10,34,3.008723615494091e-05
10,35,2.3312404664466158e-05
10,36,2.6550567781669088e-05
10,37,2.52149020525394e-05
10,38,2.0761452105944045e-05
10,39,1.6548550775041804e-05
10,40,0.00012823792349081486
10,41,6.124451465439051e-05
10,42,3.610468047554605e-05
10,43,2.5044721041922458e-05
10,44,2.2068941689212807e-05
10,45,1.784855885489378e-05
10,46,1.9837463696603663e-05
10,47,2.0358609617687762e-05
10,48,1.5352095942944288e-05
10,49,9.284241059503984e-06
10,50,7.213383651105687e-05
10,51,4.602465924108401e-05
10,52,2.977950862259604e-05
10,53,2.1570525859715417e-05
10,54,1.629856342333369e-05
10,55,1.3157629837223794e-05
10,56,1.3419661627267487e-05
10,57,1.1972886568401009e-05
10,58,7.743861715425737e-06
10,59,6.823278908996144e-06
10,60,4.1945888369809836e-05
10,61,2.6282619728590362e-05
10,62,2.057369965768885e-05
10,63,1.70027506101178e-05
10,64,1.2815710761060473e-05
10,65,1.096484629670158e-05
10,66,1.1061499208153691e-05
10,67,8.00612906459719e-06
10,68,6.505952114821412e-06
10,69,5.847369720868301e-06
10,70,2.0086132280994207e-05
10,71,1.4757158169231843e-05
10,72,1.3666717677551787e-05
10,73,1.3045727428107057e-05
10,74,1.0257354915665928e-05
10,75,9.199188752972987e-06
10,76,9.170592420559842e-06
10,77,7.5324237513996195e-06
10,78,6.350921921693953e-06
10,79,5.116089141665725e-06
10,80,1.4757158169231843e-05
10,81,1.129844895331189e-05
10,82,9.004877938423306e-06
10,83,7.2310076575377025e-06
10,84,7.611542969243601e-06
10,85,8.775444257480558e-06
10,86,7.608403848280432e-06
10,87,5.77158016312751e-06
10,88,4.219766196911223e-06
10,89,3.20030949296779e-06
10,90,1.129844895331189e-05
10,91,8.927169801609125e-06
10,92,7.2310076575377025e-06
10,93,5.976039119559573e-06
10,94,5.4673860176990274e-06
10,95,6.115624728408875e-06
10,96,5.212791165831732e-06
10,97,3.597599743443425e-06
10,98,2.6829884518519975e-06
10,99,2.376626298428164e-06
11,0,0.000274435878964141
11,1,0.0008137401309795678
11,2,0.00021124008344486356
11,3,0.00010395552817499265
11,4,6.470643711509183e-05
11,5,5.242983752395958e-05
11,6,3.9025286241667345e-05
11,7,2.9766091756755486e-05
11,8,1.422927925887052e-05
11,9,2.2125206669443287e-05
11,10,0.0009778981329873204
11,11,0.0
11,12,0.0008056833175942302
11,13,0.00020135787781327963
11,14,0.00011027790606021881
11,15,7.956122135510668e-05
11,16,5.842210885020904e-05
11,17,4.7277942940127105e-05
11,18,2.723291800066363e-05
11,19,2.467011654516682e-05
11,20,0.00015566052752546966
11,21,0.0008056833175942302
11,22,0.00019902896019630134
11,23,8.339381747646257e-05
11,24,5.642930409521796e-05
11,25,5.1090388296870515e-05
11,26,5.126439646119252e-05
11,27,3.8470348954433575e-05
11,28,2.8962112992303446e-05
11,29,1.9424054698902182e-05
11,30,9.67379382927902e-05
11,31,0.00020110610057599843
11,32,8.28343108878471e-05
11,33,4.558719592751004e-05
11,34,3.643702802946791e-05
11,35,2.6947031074087135e-05
11,36,3.116370498901233e-05
11,37,2.922175553976558e-05
11,38,2.3505313947680406e-05
11,39,1.830159999371972e-05
11,40,6.137041054898873e-05
11,41,8.974417141871527e-05
11,42,4.5650143874809146e-05
11,43,2.917580604844261e-05
11,44,2.525453601265326e-05
11,45,1.9797817003563978e-05
11,46,2.2415933926822618e-05
11,47,2.3007978597888723e-05
11,48,1.6853888155310415e-05
11,49,9.625750863051508e-06
11,50,3.927705984096974e-05
11,51,6.115010182838887e-05
11,52,3.59939003828913e-05
11,53,2.457613663864322e-05
11,54,1.777333272912074e-05
11,55,1.3961767763248645e-05
11,56,1.4441376151808072e-05
11,57,1.2765044630214106e-05
11,58,7.792572432663292e-06
11,59,6.811940238549141e-06
11,60,2.4345345082110725e-05
11,61,3.095838110311888e-05
11,62,2.321934516658075e-05
11,63,1.8693086531129666e-05
11,64,1.3529026546166278e-05
11,65,1.1410737897676881e-05
11,66,1.1662265023915097e-05
11,67,8.104691005428322e-06
11,68,6.439522167056566e-06
11,69,5.762542514275992e-06
11,70,1.1242570508329663e-05
11,71,1.530238841951359e-05
11,72,1.4335819287225604e-05
11,73,1.3820143067277968e-05
11,74,1.0537292837398127e-05
11,75,9.40887002798263e-06
11,76,9.490499905950855e-06
11,77,7.644200195500161e-06
11,78,6.346543614199618e-06
11,79,4.994414666725788e-06
11,80,8.607593372289557e-06
11,81,1.1242570508329663e-05
11,82,8.705942491360474e-06
11,83,6.8010608629265334e-06
11,84,7.48781940274057e-06
11,85,9.020240213430952e-06
11,86,7.733370694040786e-06
11,87,5.674644398823148e-06
11,88,3.965472387790214e-06
11,89,2.8758415737684118e-06
11,90,6.8010608629265334e-06
11,91,8.607593372289557e-06
11,92,6.8010608629265334e-06
11,93,5.508859885594575e-06
11,94,5.083378709969111e-06
11,95,5.981429694656981e-06
11,96,5.026582130085444e-06
11,97,3.2512507459614426e-06
11,98,2.287245479237754e-06
11,99,2.0102743292227387e-06
12,0,0.00012197149771964177
12,1,0.00020343503274489194
12,2,0.0008449603337794542
12,3,0.00023389993293676525
12,4,0.0001150336756836623
12,5,8.192162931663916e-05
12,6,5.619640796794556e-05
12,7,4.0514958527637646e-05
12,8,1.8585182260721922e-05
12,9,2.8002215913147666e-05
12,10,0.0002444745332468301
12,11,0.0008056833175942302
12,12,0.0
12,13,0.0008054315112531185
12,14,0.0002481252886354923
12,15,0.00014144218584988266
12,16,9.12845425773412e-05
12,17,6.808024045312777e-05
12,18,3.7067027733428404e-05
12,19,3.222219675080851e-05
12,20,6.918246072018519e-05
12,21,0.00020142082939855754
12,22,0.0007961158407852054
12,23,0.00018763607658911496
12,24,0.0001003187644528225
12,25,7.982873648870736e-05
12,26,7.382073090411723e-05
12,27,5.2362418500706553e-05
12,28,3.7828060158062726e-05
12,29,2.4583567210356705e-05
12,30,5.4415093472925946e-05
12,31,8.938048995332792e-05
12,32,0.00018637720495462418
12,33,8.104390872176737e-05
12,34,5.693285493180156e-05
12,35,3.880372241837904e-05
12,36,4.2417268559802324e-05
12,37,3.8167192542459816e-05
12,38,2.9748909582849592e-05
12,39,2.259456778119784e-05
12,40,3.927705984096974e-05
12,41,5.048109233030118e-05
12,42,8.115580567391589e-05
12,43,4.558719592751004e-05
12,44,3.636653127614409e-05
12,45,2.6947031074087135e-05
12,46,2.9277956855366938e-05
12,47,2.9119471946614794e-05
12,48,2.0807268811040558e-05
12,49,1.1647160135908052e-05
12,50,2.7275738830212504e-05
12,51,3.9136066334322095e-05
12,52,5.6240471167257056e-05
12,53,3.538963937899098e-05
12,54,2.4191478587454185e-05
12,55,1.823577804316301e-05
12,56,1.8277365597896278e-05
12,57,1.5759314919705503e-05
12,58,9.429012607142795e-06
12,59,8.106771929305978e-06
12,60,1.78863756445935e-05
12,61,2.1498875867109746e-05
12,62,3.3435859222663566e-05
12,63,2.544336712162476e-05
12,64,1.7670567103778012e-05
12,65,1.4441716302826535e-05
12,66,1.439785864931764e-05
12,67,9.806675734580494e-06
12,68,7.663563337700907e-06
12,69,6.762983957742108e-06
12,70,8.607593372289557e-06
12,71,1.1242570508329663e-05
12,72,1.9512643120833673e-05
12,73,1.8050801372737624e-05
12,74,1.333626096311491e-05
12,75,1.1615889889071696e-05
12,76,1.148350474977633e-05
12,77,9.097229849430732e-06
12,78,7.448374162777327e-06
12,79,5.792338470200775e-06
12,80,6.8010608629265334e-06
12,81,8.607593372289557e-06
12,82,1.1371027540008072e-05
12,83,8.607593372289557e-06
12,84,9.244221473636571e-06
12,85,1.091449121304322e-05
12,86,9.203349691233598e-06
12,87,6.659825885435566e-06
12,88,4.599009571393253e-06
12,89,3.3013488973665517e-06
12,90,5.508859885594575e-06
12,91,6.8010608629265334e-06
12,92,8.607593372289557e-06
12,93,6.8010608629265334e-06
12,94,6.150888111733366e-06
12,95,7.118395387806231e-06
12,96,5.899251846130937e-06
12,97,3.7706813600379974e-06
12,98,2.6256643650413025e-06
12,99,2.287245479237754e-06
13,0,6.859323184471577e-05
13,1,9.038759162649512e-05
13,2,0.00021117714641150087
13,3,0.0009353479836136103
13,4,0.00025876282597891986
13,5,0.00014561048010364175
13,6,8.779115159995854e-05
13,7,5.833146860823035e-05
13,8,2.5289502445957623e-05
13,9,3.656918488559313e-05
13,10,0.00010862736962735653
13,11,0.00020135787781327963
13,12,0.0008054315112531185
13,13,0.0
13,14,0.0009922492317855358
13,15,0.00031818196293897927
13,16,0.00016225567378569394
13,17,0.00010635964281391352
13,18,5.336644608178176e-05
13,19,4.3850988731719553e-05
13,20,3.8899397623026744e-05
13,21,8.949239418143407e-05
13,22,0.0001989659940591082
13,23,0.00075029261643067
13,24,0.00022565426479559392
13,25,0.00014188977365847677
13,26,0.00011532915232237428
13,27,7.539182115579024e-05
13,28,5.1481205446179956e-05
13,29,3.2104013371281326e-05
13,30,3.4815591789083555e-05
13,31,5.0260790885658935e-05
13,32,8.280634210677817e-05
13,33,0.00018228584667667747
13,34,0.00010118600039277226
13,35,6.061507883714512e-05
13,36,6.107079389039427e-05
13,37,5.194279583520256e-05
13,38,3.885057958541438e-05
13,39,2.8592314265551977e-05
13,40,2.7268741177977063e-05
13,41,3.2297830330207944e-05
13,42,4.563440597848967e-05
13,43,8.101593266474083e-05
13,44,5.6806966313160956e-05
13,45,3.87936488550622e-05
13,46,3.984355862485245e-05
13,47,3.802845822065137e-05
13,48,2.633026451803744e-05
13,49,1.4376100807567127e-05
13,50,2.003417830565013e-05
13,51,2.7170828616362996e-05
13,52,3.598383045755327e-05
13,53,5.528057226911187e-05
13,54,3.482565807644278e-05
13,55,2.4813925847411156e-05
13,56,2.3867341951699927e-05
13,57,1.9941448044846766e-05
13,58,1.1637648640316911e-05
13,59,9.806675734580494e-06
13,60,1.36903217935469e-05
13,61,1.578995397721883e-05
13,62,2.3212349333334714e-05
13,63,3.662837843876332e-05
13,64,2.404461156402249e-05
13,65,1.8857510440284386e-05
13,66,1.821835758164525e-05
13,67,1.21038992801914e-05
13,68,9.270393093174789e-06
13,69,8.04642968432745e-06
13,70,6.7979526647832245e-06
13,71,8.603658898209687e-06
13,72,1.4330681551655289e-05
13,73,2.4562150429119356e-05
13,74,1.7413651221431792e-05
13,75,1.4697425285703503e-05
13,76,1.4174058378557675e-05
13,77,1.1005130545527209e-05
13,78,8.86210000317078e-06
13,79,6.796204161219066e-06
13,80,5.506341949512716e-06
13,81,6.7979526647832245e-06
13,82,8.702009836270008e-06
13,83,1.1237432772759348e-05
13,84,1.1695783541654237e-05
13,85,1.3471571946865879e-05
13,86,1.1133536645502318e-05
13,87,7.923662451503333e-06
13,88,5.395700554799987e-06
13,89,3.827293767244555e-06
13,90,4.550695848593023e-06
13,91,5.506341949512716e-06
13,92,6.7979526647832245e-06
13,93,8.603658898209687e-06
13,94,7.590581390104489e-06
13,95,8.610740223957691e-06
13,96,7.018516953394283e-06
13,97,4.42356531493715e-06
13,98,3.0436594897764735e-06
13,99,2.6243797037750483e-06
14,0,5.1382448873482645e-05
14,1,6.253486935747787e-05
14,2,0.00011464202543720603
14,3,0.0002806043776217848
14,4,0.0012221208307892084
14,5,0.00037439094739966094
14,6,0.0001768586807884276
14,7,0.0001028347760438919
14,8,4.389966852613725e-05
14,9,5.4971100325929e-05
14,10,7.279474812094122e-05
14,11,0.00011027790606021881
14,12,0.0002481252886354923
14,13,0.0009922492317855358
14,14,0.0
14,15,0.0014597972622141242
14,16,0.00041184265865013003
14,17,0.00020986932213418186
14,18,9.507691720500588e-05
14,19,7.062821532599628e-05
14,20,3.23783970088698e-05
14,21,6.203132215887308e-05
14,22,0.00010921484499704093
14,23,0.00023434053582604975
14,24,0.0010896866442635655
14,25,0.00036601940519176424
14,26,0.00022581512166652828
14,27,0.00012949155643582344
14,28,8.161571895470843e-05
14,29,4.8893503844738007e-05
14,30,2.9373870347626507e-05
14,31,3.964969073422253e-05
14,32,5.827041604788974e-05
14,33,0.00010180143726756796
14,34,0.000274435878964141
14,35,0.00012854565284214914
14,36,0.0001071149599738419
14,37,8.228040678659454e-05
14,38,5.807634079246782e-05
14,39,4.1162813431583345e-05
14,40,2.3851926016504876e-05
14,41,2.762542681011837e-05
14,42,3.6688805266749114e-05
14,43,5.726331437472254e-05
14,44,0.00012177567259641364
14,45,7.23069315426983e-05
14,46,6.485750782303512e-05
14,47,5.695733125321567e-05
14,48,3.8208298065001145e-05
14,49,2.1117713913554326e-05
14,50,1.8261631339555606e-05
14,51,2.3779988623573445e-05
14,52,3.0185148716554977e-05
14,53,4.286235343897715e-05
14,54,6.610694254050031e-05
14,55,4.321483720559627e-05
14,56,3.768247916013934e-05
14,57,2.98637205560226e-05
14,58,1.7651860616751947e-05
14,59,1.4416508747672196e-05
